global: 0.28723216 sec (100.00%) [0]
  test loop: 0.28723216 sec (100.00%) [2]
    SpikePopulationGroupBatchToTimeEncoder.forward: 0.02294064 sec (7.99%) [2]
    EfficientBayesianSTDPModel.forward: 0.22539425 sec (78.47%) [2]
      BinaryTimedPSP.forward: 0.00897551 sec (3.98%) [2]
      EfficientStochasticOutputNeuronCell.forward: 0.15159321 sec (67.26%) [2]
        inhibition: 0.00199604 sec (1.32%) [2]
        background_oscillation: 0.00000000 sec (0.00%) [2]
        rate_calc: 0.00697923 sec (4.60%) [2]
        spike_loc_gen: 0.00199509 sec (1.32%) [2]
        spike_gen: 0.13962555 sec (92.11%) [2]
          inhibition_calc: 0.13962555 sec (100.00%) [2]
        rate_track: 0.00099730 sec (0.66%) [2]
      state_metric: 0.00000000 sec (0.00%) [2]
      ... 0.06482553 sec (28.76%)
    metric_processing: 0.03889728 sec (13.54%) [2]
      SpikePopulationGroupBatchToTimeEncoder.get_time_ranges_for_patterns: 0.00000000 sec (0.00%) [2]
        SpikePopulationGroupBatchToTimeEncoder.get_time_ranges: 0.00000000 sec (100.00%) [2]
      SpikePopulationGroupBatchToTimeEncoder.get_time_ranges: 0.00000000 sec (0.00%) [4]
      cumulative_counts: 0.01695538 sec (43.59%) [2]
      ... 0.02194190 sec (56.41%)
