global: 0.06406283 sec (100.00%) [0]
  test loop: 0.06406283 sec (100.00%) [2]
    SpikePopulationGroupBatchToTimeEncoder.forward: 0.00499988 sec (7.80%) [2]
    EfficientBayesianSTDPModel.forward: 0.04405236 sec (68.76%) [2]
      BinaryTimedPSP.forward: 0.00929117 sec (21.09%) [2]
      EfficientStochasticOutputNeuronCell.forward: 0.03226089 sec (73.23%) [2]
        inhibition: 0.00050306 sec (1.56%) [2]
        background_oscillation: 0.00000000 sec (0.00%) [2]
        rate_calc: 0.00115442 sec (3.58%) [2]
        spike_loc_gen: 0.00000000 sec (0.00%) [2]
        spike_gen: 0.03060341 sec (94.86%) [2]
          inhibition_calc: 0.03060341 sec (100.00%) [2]
        rate_track: 0.00000000 sec (0.00%) [2]
      state_metric: 0.00000000 sec (0.00%) [2]
      ... 0.00250030 sec (5.68%)
    metric_processing: 0.01501060 sec (23.43%) [2]
      SpikePopulationGroupBatchToTimeEncoder.get_time_ranges_for_patterns: 0.00000000 sec (0.00%) [2]
        SpikePopulationGroupBatchToTimeEncoder.get_time_ranges: 0.00000000 sec (100.00%) [2]
      SpikePopulationGroupBatchToTimeEncoder.get_time_ranges: 0.00000000 sec (0.00%) [4]
      cumulative_counts: 0.01001024 sec (66.69%) [2]
      ... 0.00500035 sec (33.31%)
