global: 0.04613924 sec (100.00%) [0]
  test loop: 0.04613924 sec (100.00%) [20]
    SpikePopulationGroupBatchToTimeEncoder.forward: 0.00250173 sec (5.42%) [20]
    EfficientBayesianSTDPModel.forward: 0.04009271 sec (86.90%) [20]
      BinaryTimedPSP.forward: 0.00254750 sec (6.35%) [20]
      EfficientStochasticOutputNeuronCell.forward: 0.03654528 sec (91.15%) [20]
        inhibition: 0.00099945 sec (2.73%) [20]
        background_oscillation: 0.00000000 sec (0.00%) [20]
        rate_calc: 0.00100017 sec (2.74%) [20]
        spike_loc_gen: 0.00199986 sec (5.47%) [20]
        spike_gen: 0.03154564 sec (86.32%) [20]
          inhibition_calc: 0.03154564 sec (100.00%) [20]
        rate_track: 0.00100017 sec (2.74%) [20]
      state_metric: 0.00000000 sec (0.00%) [20]
      ... 0.00099993 sec (2.49%)
    metric_processing: 0.00354481 sec (7.68%) [20]
      SpikePopulationGroupBatchToTimeEncoder.get_time_ranges_for_patterns: 0.00000000 sec (0.00%) [20]
        SpikePopulationGroupBatchToTimeEncoder.get_time_ranges: 0.00000000 sec (100.00%) [20]
      SpikePopulationGroupBatchToTimeEncoder.get_time_ranges: 0.00000000 sec (0.00%) [40]
      cumulative_counts: 0.00199962 sec (56.41%) [20]
      ... 0.00154519 sec (43.59%)
