global: 0.35396886 sec (100.00%) [0]
  test loop: 0.35396886 sec (100.00%) [10]
    SpikePopulationGroupBatchToTimeEncoder.forward: 0.06600094 sec (18.65%) [10]
    EfficientBayesianSTDPModel.forward: 0.21538782 sec (60.85%) [10]
      BinaryTimedPSP.forward: 0.03980684 sec (18.48%) [10]
      EfficientStochasticOutputNeuronCell.forward: 0.16502905 sec (76.62%) [10]
        inhibition: 0.00200391 sec (1.21%) [10]
        background_oscillation: 0.00000000 sec (0.00%) [10]
        rate_calc: 0.00761342 sec (4.61%) [10]
        spike_loc_gen: 0.00360394 sec (2.18%) [10]
        spike_gen: 0.15180779 sec (91.99%) [10]
          inhibition_calc: 0.15180779 sec (100.00%) [10]
        rate_track: 0.00000000 sec (0.00%) [10]
      state_metric: 0.00000000 sec (0.00%) [10]
      ... 0.01055193 sec (4.90%)
    metric_processing: 0.07258010 sec (20.50%) [10]
      SpikePopulationGroupBatchToTimeEncoder.get_time_ranges_for_patterns: 0.00200176 sec (2.76%) [10]
        SpikePopulationGroupBatchToTimeEncoder.get_time_ranges: 0.00100064 sec (49.99%) [10]
        ... 0.00100112 sec (50.01%)
      SpikePopulationGroupBatchToTimeEncoder.get_time_ranges: 0.00000000 sec (0.00%) [20]
      cumulative_counts: 0.03903627 sec (53.78%) [10]
      ... 0.03154206 sec (43.46%)
