global: 0.06370354 sec (100.00%) [0]
  test loop: 0.06370354 sec (100.00%) [2]
    SpikePopulationGroupBatchToTimeEncoder.forward: 0.00500083 sec (7.85%) [2]
    EfficientBayesianSTDPModel.forward: 0.04419398 sec (69.37%) [2]
      BinaryTimedPSP.forward: 0.00759149 sec (17.18%) [2]
      EfficientStochasticOutputNeuronCell.forward: 0.03309393 sec (74.88%) [2]
        inhibition: 0.00000000 sec (0.00%) [2]
        background_oscillation: 0.00100398 sec (3.03%) [2]
        rate_calc: 0.00000000 sec (0.00%) [2]
        spike_loc_gen: 0.00099969 sec (3.02%) [2]
        spike_gen: 0.03109026 sec (93.95%) [2]
          inhibition_calc: 0.03109026 sec (100.00%) [2]
        rate_track: 0.00000000 sec (0.00%) [2]
      state_metric: 0.00000000 sec (0.00%) [2]
      ... 0.00350857 sec (7.94%)
    metric_processing: 0.01450872 sec (22.78%) [2]
      SpikePopulationGroupBatchToTimeEncoder.get_time_ranges_for_patterns: 0.00000000 sec (0.00%) [2]
        SpikePopulationGroupBatchToTimeEncoder.get_time_ranges: 0.00000000 sec (100.00%) [2]
      SpikePopulationGroupBatchToTimeEncoder.get_time_ranges: 0.00000000 sec (0.00%) [4]
      cumulative_counts: 0.00700760 sec (48.30%) [2]
      ... 0.00750113 sec (51.70%)
