global: 0.05604100 sec (100.00%) [0]
  test loop: 0.05604100 sec (100.00%) [2]
    SpikePopulationGroupBatchToTimeEncoder.forward: 0.00399947 sec (7.14%) [2]
    EfficientBayesianSTDPModel.forward: 0.04012537 sec (71.60%) [2]
      BinaryTimedPSP.forward: 0.00703669 sec (17.54%) [2]
      EfficientStochasticOutputNeuronCell.forward: 0.02957988 sec (73.72%) [2]
        inhibition: 0.00051594 sec (1.74%) [2]
        background_oscillation: 0.00000000 sec (0.00%) [2]
        rate_calc: 0.00099945 sec (3.38%) [2]
        spike_loc_gen: 0.00000000 sec (0.00%) [2]
        spike_gen: 0.02806449 sec (94.88%) [2]
          inhibition_calc: 0.02806449 sec (100.00%) [2]
        rate_track: 0.00000000 sec (0.00%) [2]
      state_metric: 0.00000000 sec (0.00%) [2]
      ... 0.00350881 sec (8.74%)
    metric_processing: 0.01191616 sec (21.26%) [2]
      SpikePopulationGroupBatchToTimeEncoder.get_time_ranges_for_patterns: 0.00000000 sec (0.00%) [2]
        SpikePopulationGroupBatchToTimeEncoder.get_time_ranges: 0.00000000 sec (100.00%) [2]
      SpikePopulationGroupBatchToTimeEncoder.get_time_ranges: 0.00000000 sec (0.00%) [4]
      cumulative_counts: 0.00691676 sec (58.05%) [2]
      ... 0.00499940 sec (41.95%)
