global: 0.06459212 sec (100.00%) [0]
  test loop: 0.06459212 sec (100.00%) [2]
    SpikePopulationGroupBatchToTimeEncoder.forward: 0.00553775 sec (8.57%) [2]
    EfficientBayesianSTDPModel.forward: 0.04654241 sec (72.06%) [2]
      BinaryTimedPSP.forward: 0.00847769 sec (18.21%) [2]
      EfficientStochasticOutputNeuronCell.forward: 0.03605700 sec (77.47%) [2]
        inhibition: 0.00000000 sec (0.00%) [2]
        background_oscillation: 0.00000000 sec (0.00%) [2]
        rate_calc: 0.00200295 sec (5.55%) [2]
        spike_loc_gen: 0.00000000 sec (0.00%) [2]
        spike_gen: 0.03255153 sec (90.28%) [2]
          inhibition_calc: 0.03255153 sec (100.00%) [2]
        rate_track: 0.00150251 sec (4.17%) [2]
      state_metric: 0.00000000 sec (0.00%) [2]
      ... 0.00200772 sec (4.31%)
    metric_processing: 0.01251197 sec (19.37%) [2]
      SpikePopulationGroupBatchToTimeEncoder.get_time_ranges_for_patterns: 0.00000000 sec (0.00%) [2]
        SpikePopulationGroupBatchToTimeEncoder.get_time_ranges: 0.00000000 sec (100.00%) [2]
      SpikePopulationGroupBatchToTimeEncoder.get_time_ranges: 0.00000000 sec (0.00%) [4]
      cumulative_counts: 0.00800014 sec (63.94%) [2]
      ... 0.00451183 sec (36.06%)
