global: 0.08010840 sec (100.00%) [0]
  test loop: 0.08010840 sec (100.00%) [2]
    SpikePopulationGroupBatchToTimeEncoder.forward: 0.00855160 sec (10.68%) [2]
    EfficientBayesianSTDPModel.forward: 0.05504417 sec (68.71%) [2]
      BinaryTimedPSP.forward: 0.01260042 sec (22.89%) [2]
      EfficientStochasticOutputNeuronCell.forward: 0.04003167 sec (72.73%) [2]
        inhibition: 0.00099945 sec (2.50%) [2]
        background_oscillation: 0.00000000 sec (0.00%) [2]
        rate_calc: 0.00199914 sec (4.99%) [2]
        spike_loc_gen: 0.00050187 sec (1.25%) [2]
        spike_gen: 0.03553057 sec (88.76%) [2]
          inhibition_calc: 0.03553057 sec (100.00%) [2]
        rate_track: 0.00100064 sec (2.50%) [2]
      state_metric: 0.00000000 sec (0.00%) [2]
      ... 0.00241208 sec (4.38%)
    metric_processing: 0.01651263 sec (20.61%) [2]
      SpikePopulationGroupBatchToTimeEncoder.get_time_ranges_for_patterns: 0.00000000 sec (0.00%) [2]
        SpikePopulationGroupBatchToTimeEncoder.get_time_ranges: 0.00000000 sec (100.00%) [2]
      SpikePopulationGroupBatchToTimeEncoder.get_time_ranges: 0.00000000 sec (0.00%) [4]
      cumulative_counts: 0.00850058 sec (51.48%) [2]
      ... 0.00801206 sec (48.52%)
