global: 0.04999995 sec (100.00%) [0]
  test loop: 0.04999995 sec (100.00%) [20]
    SpikePopulationGroupBatchToTimeEncoder.forward: 0.00300002 sec (6.00%) [20]
    EfficientBayesianSTDPModel.forward: 0.04299831 sec (86.00%) [20]
      BinaryTimedPSP.forward: 0.00299931 sec (6.98%) [20]
      EfficientStochasticOutputNeuronCell.forward: 0.03999901 sec (93.02%) [20]
        inhibition: 0.00000000 sec (0.00%) [20]
        background_oscillation: 0.00099969 sec (2.50%) [20]
        rate_calc: 0.00299954 sec (7.50%) [20]
        spike_loc_gen: 0.00100017 sec (2.50%) [20]
        spike_gen: 0.03499961 sec (87.50%) [20]
          inhibition_calc: 0.03499961 sec (100.00%) [20]
        rate_track: 0.00000000 sec (0.00%) [20]
      state_metric: 0.00000000 sec (0.00%) [20]
    metric_processing: 0.00400162 sec (8.00%) [20]
      SpikePopulationGroupBatchToTimeEncoder.get_time_ranges_for_patterns: 0.00000000 sec (0.00%) [20]
        SpikePopulationGroupBatchToTimeEncoder.get_time_ranges: 0.00000000 sec (100.00%) [20]
      SpikePopulationGroupBatchToTimeEncoder.get_time_ranges: 0.00200295 sec (50.05%) [40]
      cumulative_counts: 0.00099921 sec (24.97%) [20]
      ... 0.00099945 sec (24.98%)
