global: 0.04100060 sec (100.00%) [0]
  test loop: 0.04100060 sec (100.00%) [20]
    SpikePopulationGroupBatchToTimeEncoder.forward: 0.00000000 sec (0.00%) [20]
    EfficientBayesianSTDPModel.forward: 0.04100060 sec (100.00%) [20]
      BinaryTimedPSP.forward: 0.00000000 sec (0.00%) [20]
      EfficientStochasticOutputNeuronCell.forward: 0.03900051 sec (95.12%) [20]
        inhibition: 0.00500059 sec (12.82%) [20]
        background_oscillation: 0.00000000 sec (0.00%) [20]
        rate_calc: 0.00200009 sec (5.13%) [20]
        spike_loc_gen: 0.00199986 sec (5.13%) [20]
        spike_gen: 0.02900004 sec (74.36%) [20]
          inhibition_calc: 0.02800012 sec (96.55%) [20]
          ... 0.00099993 sec (3.45%)
        rate_track: 0.00000000 sec (0.00%) [20]
        ... 0.00099993 sec (2.56%)
      state_metric: 0.00000000 sec (0.00%) [20]
      ... 0.00200009 sec (4.88%)
    metric_processing: 0.00000000 sec (0.00%) [20]
      SpikePopulationGroupBatchToTimeEncoder.get_time_ranges_for_patterns: 0.00000000 sec (100.00%) [20]
        SpikePopulationGroupBatchToTimeEncoder.get_time_ranges: 0.00000000 sec (100.00%) [20]
      SpikePopulationGroupBatchToTimeEncoder.get_time_ranges: 0.00000000 sec (100.00%) [40]
      cumulative_counts: 0.00000000 sec (100.00%) [20]
