global: 0.44680429 sec (100.00%) [0]
  test loop: 0.44680429 sec (100.00%) [2]
    SpikePopulationGroupBatchToTimeEncoder.forward: 0.12666774 sec (28.35%) [2]
    EfficientBayesianSTDPModel.forward: 0.26429033 sec (59.15%) [2]
      BinaryTimedPSP.forward: 0.01096773 sec (4.15%) [2]
      EfficientStochasticOutputNeuronCell.forward: 0.24733710 sec (93.59%) [2]
        inhibition: 0.00199461 sec (0.81%) [2]
        background_oscillation: 0.00000000 sec (0.00%) [2]
        rate_calc: 0.00698042 sec (2.82%) [2]
        spike_loc_gen: 0.00199461 sec (0.81%) [2]
        spike_gen: 0.23636746 sec (95.56%) [2]
          inhibition_calc: 0.23337460 sec (98.73%) [2]
          ... 0.00299287 sec (1.27%)
        rate_track: 0.00000000 sec (0.00%) [2]
      state_metric: 0.00000000 sec (0.00%) [2]
      ... 0.00598550 sec (2.26%)
    metric_processing: 0.05584621 sec (12.50%) [2]
      SpikePopulationGroupBatchToTimeEncoder.get_time_ranges_for_patterns: 0.00000000 sec (0.00%) [2]
        SpikePopulationGroupBatchToTimeEncoder.get_time_ranges: 0.00000000 sec (100.00%) [2]
      SpikePopulationGroupBatchToTimeEncoder.get_time_ranges: 0.00000000 sec (0.00%) [4]
      cumulative_counts: 0.02289343 sec (40.99%) [2]
      ... 0.03295279 sec (59.01%)
