global: 180.08311653 sec (100.00%) [0]
  test loop: 180.08311653 sec (100.00%) [1000]
    SpikePopulationGroupBatchToTimeEncoder.forward: 15.12958765 sec (8.40%) [1000]
    EfficientBayesianSTDPModel.forward: 139.70222473 sec (77.58%) [1000]
      BinaryTimedPSP.forward: 7.95009065 sec (5.69%) [1000]
      EfficientStochasticOutputNeuronCell.forward: 129.37718749 sec (92.61%) [1000]
        inhibition: 0.64493823 sec (0.50%) [1000]
        background_oscillation: 0.37961245 sec (0.29%) [1000]
        rate_calc: 4.86841345 sec (3.76%) [1000]
        spike_loc_gen: 1.42516041 sec (1.10%) [1000]
        spike_gen: 121.56832957 sec (93.96%) [1000]
          inhibition_calc: 121.06864142 sec (99.59%) [1000]
          ... 0.49968815 sec (0.41%)
        rate_track: 0.36811638 sec (0.28%) [1000]
        ... 0.12261701 sec (0.09%)
      state_metric: 0.00792837 sec (0.01%) [1000]
      ... 2.36701822 sec (1.69%)
    metric_processing: 25.14849901 sec (13.96%) [1000]
      SpikePopulationGroupBatchToTimeEncoder.get_time_ranges_for_patterns: 0.11976194 sec (0.48%) [1000]
        SpikePopulationGroupBatchToTimeEncoder.get_time_ranges: 0.08087039 sec (67.53%) [1000]
        ... 0.03889155 sec (32.47%)
      SpikePopulationGroupBatchToTimeEncoder.get_time_ranges: 0.06086206 sec (0.24%) [2000]
      cumulative_counts: 8.97733259 sec (35.70%) [1000]
      ... 15.99054241 sec (63.58%)
    ... 0.10280514 sec (0.06%)
