global: 31.41970515 sec (100.00%) [0]
  test loop: 31.41970515 sec (100.00%) [1000]
    SpikePopulationGroupBatchToTimeEncoder.forward: 2.40166545 sec (7.64%) [1000]
    EfficientBayesianSTDPModel.forward: 22.75255227 sec (72.41%) [1000]
      BinaryTimedPSP.forward: 4.80061269 sec (21.10%) [1000]
      EfficientStochasticOutputNeuronCell.forward: 16.68929625 sec (73.35%) [1000]
        inhibition: 0.14000535 sec (0.84%) [1000]
        background_oscillation: 0.06296349 sec (0.38%) [1000]
        rate_calc: 0.76877785 sec (4.61%) [1000]
        spike_loc_gen: 0.28153968 sec (1.69%) [1000]
        spike_gen: 15.33696651 sec (91.90%) [1000]
          inhibition_calc: 15.26246166 sec (99.51%) [1000]
          ... 0.07450485 sec (0.49%)
        rate_track: 0.05703545 sec (0.34%) [1000]
        ... 0.04200792 sec (0.25%)
      state_metric: 0.00199986 sec (0.01%) [1000]
      ... 1.26064348 sec (5.54%)
    metric_processing: 6.23947287 sec (19.86%) [1000]
      SpikePopulationGroupBatchToTimeEncoder.get_time_ranges_for_patterns: 0.02201486 sec (0.35%) [1000]
        SpikePopulationGroupBatchToTimeEncoder.get_time_ranges: 0.00600195 sec (27.26%) [1000]
        ... 0.01601291 sec (72.74%)
      SpikePopulationGroupBatchToTimeEncoder.get_time_ranges: 0.00800657 sec (0.13%) [2000]
      cumulative_counts: 3.83945823 sec (61.53%) [1000]
      ... 2.36999321 sec (37.98%)
    ... 0.02601457 sec (0.08%)
