global: 0.05521703 sec (100.00%) [0]
  test loop: 0.05521703 sec (100.00%) [2]
    SpikePopulationGroupBatchToTimeEncoder.forward: 0.00499964 sec (9.05%) [2]
    EfficientBayesianSTDPModel.forward: 0.03819466 sec (69.17%) [2]
      BinaryTimedPSP.forward: 0.00755358 sec (19.78%) [2]
      EfficientStochasticOutputNeuronCell.forward: 0.02812815 sec (73.64%) [2]
        inhibition: 0.00000000 sec (0.00%) [2]
        background_oscillation: 0.00000000 sec (0.00%) [2]
        rate_calc: 0.00200272 sec (7.12%) [2]
        spike_loc_gen: 0.00000000 sec (0.00%) [2]
        spike_gen: 0.02612543 sec (92.88%) [2]
          inhibition_calc: 0.02612543 sec (100.00%) [2]
        rate_track: 0.00000000 sec (0.00%) [2]
      state_metric: 0.00000000 sec (0.00%) [2]
      ... 0.00251293 sec (6.58%)
    metric_processing: 0.01202273 sec (21.77%) [2]
      SpikePopulationGroupBatchToTimeEncoder.get_time_ranges_for_patterns: 0.00000000 sec (0.00%) [2]
        SpikePopulationGroupBatchToTimeEncoder.get_time_ranges: 0.00000000 sec (100.00%) [2]
      SpikePopulationGroupBatchToTimeEncoder.get_time_ranges: 0.00000000 sec (0.00%) [4]
      cumulative_counts: 0.00702238 sec (58.41%) [2]
      ... 0.00500035 sec (41.59%)
